1 -1
2 -1
3 -1
4 8
5 -1
6 9
7 -1
8 13
9 -1
10 -1
11 7
12 8
13 8
14 7
15 7
16 -1
17 -1
18 6
19 -1
20 -1
21 -1
22 2
23 5
24 -1
25 7
26 -1
27 7
28 7
29 -1
30 -1
31 -1
32 8
33 -1
34 -1
35 9
36 -1
37 1
38 2
39 8
40 -1
41 -1
42 6
43 -1
44 9
45 3
46 -1
47 -1
48 -1
49 -1
50 5
51 8
52 -1
53 -1
54 7
55 -1
56 -1
57 -1
58 -1
59 -1
60 9
61 -1
62 7
63 -1
64 -1
65 -1
66 9
67 4
68 -1
69 -1
70 -1
71 -1
72 -1
73 -1
74 -1
75 -1
76 -1
77 8
78 -1
79 -1
80 -1
81 8
82 8
83 -1
84 -1
85 -1
86 -1
87 -1
88 -1
89 -1
90 7
91 -1
92 6
93 -1
94 -1
95 -1
96 5
97 -1
98 5
99 -1
100 -1
101 -1
102 -1
103 -1
104 -1
105 -1
106 -1
107 5
108 -1
109 -1
110 -1
111 7
112 -1
113 6
114 -1
115 6
116 -1
117 -1
118 -1
119 -1
120 -1
121 -1
122 -1
123 -1
124 -1
125 -1
126 6
127 -1
128 5
129 -1
130 6
131 -1
132 -1
133 -1
134 4
135 4
136 -1
137 5
138 -1
139 -1
140 -1
141 -1
142 3
143 -1
144 4
145 -1
146 -1
147 -1
148 -1
149 6
150 -1
151 -1
152 -1
153 -1
154 -1
155 -1
156 8
157 -1
158 -1
159 5
160 -1
161 -1
162 -1
163 5
164 -1
165 -1
166 -1
167 -1
168 -1
169 -1
170 4
171 -1
172 -1
173 -1
174 6
175 -1
176 -1
177 4
178 -1
179 -1
180 -1
181 -1
182 -1
183 -1
184 -1
185 -1
186 -1
187 -1
188 -1
189 4
190 -1
191 -1
192 3
193 -1
194 -1
195 -1
196 -1
197 -1
198 -1
199 -1
200 8
201 -1
202 -1
203 -1
204 3
205 -1
206 -1
207 -1
208 -1
209 -1
210 -1
211 -1
212 2
213 -1
214 -1
215 7
216 -1
217 -1
218 -1
219 4
220 7
221 6
222 4
223 -1
224 -1
225 -1
226 5
227 -1
228 8
229 5
230 -1
231 -1
232 -1
233 -1
